13 6
6 41
43 2 24 68 61 38 
23 86 56 90 20 95 
37 13 98 2 8 61 
4 26 15 46 68 53 
87 5 84 69 86 56 
9 95 24 100 28 52 
4 51 37 60 41 24 
20 44 3 84 46 12 
44 16 38 25 62 5 
44 14 77 27 84 62 
83 59 22 7 59 51 
59 63 1 62 89 8 
52 75 52 56 58 98 
68 68 14 72 93 42 43 36 57 19 63 40 48 11 65 70 85 90 87 9 18 55 72 6 63 23 47 82 45 4 45 12 38 59 50 30 68 93 66 24 79 
95 30 93 6 95 62 57 85 15 67 2 70 38 76 32 27 22 80 73 94 25 51 31 50 1 62 17 60 94 41 38 55 37 30 61 99 59 17 49 74 50 
51 43 54 93 41 82 82 21 20 75 46 71 72 62 38 100 80 99 60 87 36 14 91 33 41 89 92 24 37 31 75 54 40 28 47 81 9 95 68 29 35 
80 67 6 42 4 73 88 2 32 74 5 46 64 38 87 52 96 10 55 26 51 9 32 80 22 12 55 16 47 51 17 26 17 23 68 21 62 55 91 94 96 
96 5 25 100 92 78 95 69 99 87 19 74 18 65 96 97 20 78 43 71 95 70 88 85 3 75 46 25 65 6 20 60 11 45 59 70 89 19 4 88 5 
23 61 90 55 23 87 75 67 29 45 28 99 99 12 69 73 24 94 38 97 13 64 8 24 90 44 13 8 48 67 14 37 94 70 92 83 56 66 50 86 77 
