87 34
49 63
57 18 92 6 52 18 65 98 39 33 10 35 95 84 2 71 81 56 72 57 61 5 71 73 90 90 79 77 91 94 39 47 11 97 
19 30 81 85 27 19 17 37 54 78 20 22 48 68 45 20 24 5 25 61 45 15 51 90 58 41 84 97 54 61 60 74 91 40 
24 17 60 41 55 80 86 41 69 33 75 13 19 66 18 45 26 29 26 43 19 84 50 2 46 4 63 72 44 20 79 68 37 38 
75 58 84 60 66 52 60 40 65 79 72 50 90 65 45 15 7 30 65 58 32 78 28 62 15 38 82 94 5 85 98 46 43 82 
73 8 100 32 14 31 10 53 47 0 17 92 82 24 22 13 48 20 57 42 48 72 80 96 66 51 81 63 64 23 10 36 98 10 
68 78 7 44 30 54 10 47 45 59 38 33 38 52 54 95 95 1 66 40 98 98 58 44 27 21 33 37 23 30 13 57 74 20 
0 71 74 78 84 86 36 88 18 74 40 38 34 0 40 66 6 3 64 64 47 91 51 80 94 74 76 7 30 15 94 98 86 34 
75 70 86 77 57 3 16 63 8 16 63 48 82 36 17 45 100 30 1 51 9 96 24 51 69 21 66 28 18 52 62 59 88 47 
1 10 17 17 74 25 100 2 39 81 38 22 26 4 52 94 21 61 89 11 11 23 32 43 52 50 61 80 75 48 94 76 25 77 
59 65 68 58 33 6 39 38 28 31 42 80 24 63 6 80 74 84 69 6 26 20 22 54 67 64 68 60 39 93 36 65 57 3 
89 91 76 94 28 70 24 36 15 15 99 88 61 38 71 29 10 63 16 100 16 83 63 85 8 68 43 10 99 67 13 88 23 55 
81 17 91 72 53 5 87 17 93 13 21 29 8 32 92 24 98 75 73 26 25 81 60 34 91 59 0 70 46 23 91 93 40 81 
64 59 86 16 42 44 29 64 73 4 62 31 28 59 5 68 85 97 48 44 30 5 2 31 41 14 20 32 7 61 79 37 86 31 
54 28 75 49 92 48 53 53 79 48 78 50 15 62 12 29 72 42 0 41 39 8 21 60 40 95 87 85 32 72 15 52 66 91 
67 57 4 20 76 49 34 53 65 15 81 77 10 19 18 11 60 58 19 81 84 25 76 70 76 74 7 92 25 74 82 92 97 52 
78 39 0 78 92 65 93 39 41 3 58 25 81 84 83 66 64 32 57 5 1 32 79 9 23 70 49 71 62 45 22 5 84 22 
50 42 87 42 81 94 11 4 19 92 88 68 57 17 0 80 23 68 12 68 77 35 38 92 6 66 37 95 37 20 17 87 28 70 
96 75 64 6 45 49 65 32 83 88 16 83 68 5 51 80 73 94 81 77 86 87 8 89 82 46 75 65 32 3 34 27 78 64 
0 23 79 65 21 62 52 3 10 19 8 61 99 48 21 80 24 73 32 33 61 80 79 35 10 77 4 45 71 83 75 71 72 20 
35 59 82 87 63 92 73 71 19 71 85 6 16 9 79 15 8 39 95 87 40 5 29 45 16 100 94 57 36 31 77 37 56 24 
24 18 83 97 56 1 33 40 74 16 15 52 31 23 57 92 76 63 63 5 74 45 71 67 2 74 64 45 10 20 36 0 4 18 
97 60 86 97 67 59 12 82 77 9 5 33 0 81 62 30 52 36 75 90 2 77 63 33 89 73 53 24 74 57 8 36 84 60 
32 50 18 10 31 95 86 2 94 53 50 55 83 1 91 57 91 60 0 19 93 55 93 11 45 66 68 53 68 51 12 67 67 97 
43 99 57 29 67 50 82 16 71 30 85 62 87 75 88 53 95 80 7 53 91 52 85 24 71 52 42 83 18 8 45 28 73 1 
57 40 17 4 56 89 34 6 16 87 82 70 40 42 49 13 61 5 66 45 96 2 63 37 52 48 12 97 76 85 99 99 24 82 
2 47 70 2 53 52 89 0 21 95 8 36 8 69 7 40 80 3 42 9 6 94 57 18 57 99 3 21 97 94 2 65 6 39 
67 60 91 21 26 12 83 1 14 57 36 22 63 16 92 4 25 64 65 48 83 21 46 52 42 8 45 10 73 18 49 5 78 40 
93 70 18 75 71 32 98 7 20 60 90 78 31 81 42 96 28 91 83 40 42 91 48 53 0 87 71 50 92 14 56 50 85 74 
92 21 72 89 28 59 49 17 36 46 98 44 7 92 34 56 31 76 46 45 96 12 98 66 28 55 47 84 5 31 23 97 52 62 
51 47 20 66 64 22 11 28 67 18 19 0 74 17 43 86 28 4 99 26 70 26 47 83 77 52 13 100 14 32 61 66 45 81 
31 8 70 9 2 36 27 22 2 68 5 11 53 33 15 17 25 52 10 73 34 87 91 14 86 5 12 13 37 57 60 34 31 29 
43 34 31 37 22 34 4 27 11 23 26 27 41 18 45 17 57 79 3 47 59 55 18 71 68 55 94 95 56 25 23 99 59 55 
35 81 55 5 74 32 96 66 59 2 84 70 19 40 15 22 88 74 77 72 11 11 94 4 5 49 96 95 47 54 15 49 0 70 
20 40 2 15 6 27 17 90 98 36 30 12 24 84 52 68 55 63 79 48 34 50 63 29 44 10 50 26 25 50 96 45 91 64 
27 63 58 10 52 21 47 48 100 71 98 51 4 19 81 49 33 81 99 97 9 9 73 25 35 64 76 97 75 32 27 1 61 51 
12 12 72 25 27 71 62 91 88 67 9 34 15 9 14 81 5 91 56 44 15 57 7 57 53 82 89 46 50 15 97 62 28 68 
87 21 4 48 11 93 81 88 26 97 63 7 43 34 98 99 78 12 55 51 70 74 32 24 20 82 40 83 9 34 51 62 55 21 
77 32 13 57 86 6 19 48 13 62 82 10 26 25 89 81 76 58 55 75 83 41 56 22 23 32 56 40 94 77 62 70 75 41 
94 27 47 12 75 26 41 23 2 67 48 92 14 91 49 35 65 98 76 20 19 65 18 41 5 12 84 67 48 25 74 41 52 21 
20 93 13 61 15 16 94 30 74 7 20 22 42 85 87 84 71 72 49 90 80 20 68 63 53 15 88 26 23 5 13 43 99 27 
70 13 9 29 9 83 37 29 71 45 80 57 29 51 96 44 6 75 64 74 3 16 89 92 42 78 63 22 87 61 49 22 41 24 
52 50 6 89 80 43 100 25 67 28 76 62 38 82 2 1 55 5 17 10 63 26 88 26 48 41 87 63 63 27 87 14 44 59 
69 90 68 69 14 34 63 91 62 1 38 64 69 60 70 53 70 32 79 23 24 93 64 78 21 94 4 7 7 14 32 77 3 100 
11 18 0 40 75 62 41 12 93 77 72 62 29 7 60 74 98 51 66 27 28 53 20 99 60 28 13 58 71 16 23 48 0 23 
88 75 52 96 54 44 72 92 72 0 100 31 40 63 82 5 90 76 58 10 75 84 4 88 7 41 70 30 89 71 54 76 11 5 
37 65 15 8 23 87 75 89 17 14 51 66 86 40 41 9 16 82 59 20 69 66 61 39 97 49 9 16 92 20 88 28 52 2 
3 75 89 78 63 72 93 13 3 44 19 11 54 36 93 12 56 28 45 17 67 7 32 42 23 23 28 77 18 80 45 21 20 33 
99 49 71 57 28 41 68 48 52 21 84 10 100 5 38 44 89 4 51 21 12 40 10 41 16 95 87 61 15 7 60 81 56 98 
37 85 38 4 99 56 92 48 66 92 53 71 1 42 41 19 29 54 59 5 95 42 0 47 2 15 54 29 96 77 26 100 27 30 
70 25 86 28 73 17 19 92 88 87 33 29 5 28 49 65 0 43 73 0 56 41 82 10 70 44 53 62 9 46 92 79 37 77 
6 9 95 92 67 82 79 67 77 50 95 25 81 95 34 53 61 91 95 43 67 64 53 19 93 62 65 84 6 1 61 13 77 21 
71 9 69 15 76 46 66 37 71 46 98 72 66 59 62 60 68 28 90 20 13 82 82 44 66 88 45 93 67 88 13 4 97 48 
19 39 94 85 76 31 98 73 2 29 31 30 89 65 24 78 85 37 26 32 81 92 87 92 50 19 45 29 23 7 77 43 46 71 
94 88 68 57 61 36 86 58 32 74 23 56 18 74 59 44 73 5 1 25 97 51 44 7 80 68 81 22 77 27 93 36 14 26 
94 41 62 79 66 60 19 89 15 3 28 74 13 67 79 81 92 41 98 36 14 43 70 96 65 12 22 24 48 2 50 41 10 79 
87 76 38 72 30 20 41 24 94 54 92 39 0 83 46 98 85 61 40 20 56 4 32 44 95 47 12 45 54 22 90 40 98 94 
78 94 13 18 18 74 38 9 79 4 58 24 1 9 85 7 29 40 79 28 84 73 75 97 84 28 85 39 35 49 33 79 42 12 
64 60 86 1 35 64 6 60 89 74 69 39 82 64 80 26 92 29 99 32 92 49 27 77 88 28 92 20 6 33 33 70 60 85 
38 95 49 10 54 3 50 89 42 31 53 88 23 10 84 22 9 75 37 36 17 24 64 75 45 36 8 44 73 34 28 10 28 43 
20 49 46 36 3 55 34 56 8 57 67 92 45 76 33 82 78 16 6 7 92 17 43 66 61 15 100 89 92 94 99 78 8 10 
14 12 65 48 34 40 4 0 98 50 42 97 31 19 80 37 93 37 54 2 2 81 17 68 36 76 61 34 53 36 44 33 48 76 
81 48 15 52 49 79 1 57 76 99 43 55 2 35 92 22 37 60 3 21 27 39 97 54 39 15 56 83 49 70 58 96 18 39 
47 67 85 14 90 26 13 32 81 15 34 38 37 71 64 6 58 57 11 20 77 50 36 33 33 51 2 57 46 20 63 60 53 47 
74 43 73 87 41 19 68 75 23 72 46 53 78 3 9 90 91 86 5 26 18 38 43 21 62 89 41 24 48 61 37 22 3 76 
75 44 61 43 19 84 81 31 36 24 0 11 80 91 97 86 83 82 23 25 69 51 14 76 41 28 36 44 16 39 19 58 50 80 
0 35 29 47 66 31 71 66 42 51 23 5 36 5 53 25 31 21 77 11 97 84 5 33 28 22 38 13 80 88 94 46 22 89 
59 54 87 29 87 95 80 9 66 82 81 18 7 11 39 50 89 36 100 95 35 27 83 73 41 28 27 0 40 49 55 99 70 41 
27 56 2 74 65 68 55 45 87 28 23 25 44 78 27 44 38 28 37 20 1 78 14 95 44 54 9 100 52 79 6 46 34 8 
19 65 77 40 77 63 35 66 54 79 43 48 22 48 76 60 34 43 3 49 3 14 69 13 13 88 92 86 33 93 95 18 23 37 
24 100 66 59 31 86 38 75 33 26 89 76 52 22 85 22 71 89 36 40 68 15 27 25 0 26 17 61 10 7 98 34 6 63 
94 4 49 98 79 48 23 33 90 42 55 41 64 26 29 100 32 63 14 25 88 14 51 72 42 27 79 39 61 51 69 20 55 84 
17 100 98 7 32 88 15 88 28 79 80 23 44 78 86 58 2 39 38 19 77 80 46 55 86 73 73 54 94 27 37 77 94 34 
50 92 88 65 79 82 43 24 4 87 1 56 10 70 62 15 89 38 61 0 94 46 74 32 66 33 25 2 9 18 3 26 10 57 
91 55 39 0 46 43 87 47 66 64 84 27 79 38 65 5 39 24 52 79 56 17 11 82 87 87 66 56 12 76 12 70 98 51 
70 43 61 22 56 93 86 5 19 30 44 50 36 83 75 54 61 97 71 38 78 23 91 44 79 70 86 58 39 49 8 75 58 35 
97 81 94 49 86 79 45 29 29 47 78 70 0 4 66 38 8 10 61 100 20 40 35 72 98 74 21 72 48 79 74 10 25 67 
59 11 12 71 6 41 17 85 77 18 89 8 56 98 85 83 63 4 22 98 77 86 37 64 24 51 8 98 61 34 30 87 11 42 
57 17 49 74 68 25 58 57 0 80 20 85 63 49 90 51 12 32 37 49 62 61 66 70 24 93 70 20 45 81 63 1 65 78 
42 32 70 66 55 70 46 41 54 75 90 9 25 1 7 28 16 69 55 48 39 79 41 75 66 86 56 28 54 20 72 62 18 41 
27 74 77 39 14 31 13 71 6 39 38 14 67 21 49 22 69 54 67 76 29 32 62 51 26 82 37 99 43 55 5 36 95 83 
76 76 80 89 46 52 94 50 66 27 71 82 15 6 35 48 82 30 47 9 81 73 91 17 37 100 39 9 36 33 92 78 8 37 
32 20 89 93 71 55 19 7 2 0 13 37 48 62 68 95 37 14 34 28 32 71 94 37 46 96 70 37 73 45 74 72 65 63 
64 1 84 49 76 86 49 55 89 97 16 22 58 54 37 92 48 35 28 7 72 75 3 7 78 42 52 52 13 84 81 43 51 30 
92 26 82 6 82 70 70 64 59 27 84 96 85 98 97 12 5 68 53 75 41 31 16 60 49 97 43 29 5 94 25 64 87 6 
70 34 42 39 98 0 32 48 62 16 45 58 96 16 92 48 91 33 79 74 93 94 36 1 89 7 61 13 71 47 19 41 81 28 
46 45 28 79 59 91 61 3 14 56 87 6 4 43 5 49 16 64 43 18 65 31 26 25 45 97 39 30 3 86 58 16 97 53 
95 55 43 55 25 23 78 11 96 82 54 0 97 37 64 39 55 95 37 47 87 82 44 25 78 13 10 36 29 7 55 90 28 98 
11 53 87 89 64 83 36 18 49 32 55 13 38 76 74 75 23 60 22 33 85 100 46 62 1 42 35 56 98 63 19 8 16 6 63 46 55 65 64 3 98 85 83 1 27 57 76 50 16 98 83 68 63 95 29 65 2 30 87 0 59 6 75 
75 79 4 88 33 69 17 2 32 2 86 33 96 42 75 45 58 38 94 25 1 54 20 32 57 16 18 23 76 91 64 16 35 34 3 34 70 21 37 1 90 89 1 85 30 76 29 54 81 89 46 82 42 32 80 65 49 64 54 24 55 85 40 
56 18 10 91 88 31 94 56 20 82 57 71 78 99 66 31 79 54 77 26 62 9 5 94 24 36 13 48 57 98 54 12 83 64 69 36 61 28 92 47 9 14 17 53 80 49 85 24 2 27 51 31 36 22 24 26 58 37 74 14 1 95 94 
84 24 28 19 52 57 78 99 32 92 83 86 37 31 70 62 0 97 79 31 100 67 21 25 92 58 66 72 59 26 65 8 50 94 95 1 16 72 67 48 29 49 33 67 46 2 95 46 66 39 43 31 5 64 22 63 22 88 35 47 13 66 22 
30 25 16 98 41 88 64 90 16 79 89 49 92 58 9 37 23 48 47 20 54 10 42 83 99 97 17 12 76 84 34 5 75 50 70 16 37 33 72 19 79 60 35 70 17 44 73 6 93 19 93 12 30 35 95 95 31 79 6 73 28 40 79 
2 90 14 85 93 13 56 12 92 83 13 27 66 57 0 39 15 19 31 94 15 66 89 10 63 33 16 36 61 23 81 29 12 95 14 5 7 36 84 66 18 97 93 51 19 93 90 35 79 20 28 60 53 83 36 82 82 19 17 42 42 64 72 
54 24 52 25 99 88 8 64 73 71 56 23 91 15 79 92 60 65 19 86 17 69 22 66 50 41 49 59 83 13 97 2 3 48 28 1 1 2 65 74 74 88 63 30 69 7 21 28 73 6 80 56 41 1 21 92 42 71 16 91 50 12 60 
53 26 54 55 27 22 86 68 62 39 97 92 7 4 79 1 43 86 82 99 26 49 87 84 58 57 66 14 73 78 74 25 70 27 46 64 16 99 98 78 37 94 70 11 64 48 79 73 100 26 38 93 76 24 76 33 47 42 47 19 86 88 10 
22 81 23 86 97 21 83 75 24 42 44 35 73 58 14 11 24 6 49 16 82 73 92 14 86 100 28 71 52 15 82 74 96 4 25 59 25 74 33 49 15 43 51 54 67 31 66 91 37 14 6 19 54 65 100 39 30 94 10 82 75 58 21 
37 62 46 96 53 86 28 68 1 37 85 21 3 15 87 95 19 68 67 4 21 31 70 26 62 64 2 9 38 26 98 41 88 9 36 6 96 30 41 63 67 25 84 37 7 71 98 26 4 64 97 92 62 66 84 90 29 87 99 34 12 62 75 
67 72 78 39 67 7 46 96 75 72 79 78 45 15 75 37 19 4 33 10 66 99 95 55 95 47 20 95 25 82 69 92 19 46 98 52 20 43 47 95 81 26 38 25 7 12 28 27 16 61 3 49 60 98 3 20 10 90 14 36 38 49 94 
57 96 91 76 15 34 22 76 81 14 80 6 22 92 34 15 74 62 18 22 88 83 93 7 93 48 88 95 86 36 89 9 98 45 85 12 45 73 54 26 54 33 99 76 91 99 57 31 60 75 19 47 23 78 20 83 26 7 77 78 10 65 87 
7 10 37 87 55 10 40 47 64 40 45 5 97 44 28 27 70 69 13 84 93 91 3 75 83 78 51 61 88 83 13 95 59 51 81 80 27 88 27 57 94 72 62 56 82 56 50 52 24 63 35 16 19 38 57 2 82 8 29 35 57 42 30 
15 93 77 61 19 30 88 42 90 26 70 46 7 25 96 59 50 58 94 66 77 99 23 45 80 98 74 15 20 16 11 1 75 54 62 61 85 50 2 74 42 73 86 49 98 81 8 13 38 68 80 82 66 69 93 12 32 67 94 52 49 71 53 
90 24 14 16 75 30 86 15 72 24 0 88 88 48 62 1 52 29 47 33 62 15 93 40 47 25 100 99 40 70 17 29 60 31 12 1 28 98 83 66 21 49 53 8 97 81 76 49 10 22 48 38 37 6 78 50 31 43 14 71 79 31 67 
38 29 79 5 57 76 54 89 63 3 8 37 66 89 13 81 99 1 96 2 5 1 46 55 100 89 70 70 67 0 36 72 29 14 43 52 56 98 41 85 67 49 89 99 3 68 46 69 69 41 71 74 8 17 29 7 72 65 44 39 65 80 77 
61 61 19 12 83 83 19 34 49 34 22 48 38 56 60 73 24 0 43 65 75 26 60 49 99 24 93 3 55 72 46 15 99 65 95 48 48 80 82 63 14 70 77 18 25 36 91 49 2 100 80 78 26 39 26 91 29 18 60 85 56 5 66 
21 36 26 69 84 6 50 13 20 19 90 4 10 26 95 59 28 60 5 5 52 10 98 8 40 82 68 24 4 39 56 25 76 83 94 25 89 9 4 75 95 95 79 4 20 39 29 48 99 34 20 51 45 84 59 85 66 94 75 70 99 97 61 
40 79 54 66 33 29 70 7 23 30 52 27 50 91 22 65 56 57 51 73 68 34 98 18 66 57 59 1 56 55 62 96 0 82 27 100 10 64 7 100 94 25 93 44 83 15 75 38 38 92 77 5 92 74 90 58 31 48 59 87 69 88 82 
35 69 76 35 46 39 8 45 32 33 38 42 15 53 16 19 57 74 96 28 66 36 17 23 67 31 48 19 66 35 67 68 71 42 2 16 81 77 61 80 76 65 21 92 17 4 77 40 78 39 68 43 75 85 32 7 82 81 26 48 82 59 15 
52 68 84 34 14 60 62 94 35 26 15 93 10 19 36 50 97 75 18 40 49 69 72 56 17 18 48 65 67 6 46 85 40 96 19 55 21 81 48 22 73 63 82 83 82 17 33 45 92 17 51 40 52 22 62 69 7 9 100 74 82 11 58 
89 6 43 43 94 90 91 16 63 54 98 45 1 14 44 12 5 27 63 11 80 52 73 48 59 48 14 99 96 25 22 84 32 66 26 25 21 84 7 84 3 4 96 4 85 39 17 90 67 46 67 12 98 5 60 22 53 74 20 49 66 43 99 
64 75 25 89 62 8 63 46 11 33 7 82 18 46 65 74 79 11 41 91 75 46 17 98 66 57 17 14 22 26 79 86 67 70 41 29 78 70 41 55 2 14 3 20 26 34 95 5 11 35 62 87 47 45 84 12 69 67 93 57 94 72 43 
26 41 50 21 86 19 28 6 21 42 9 42 69 10 2 40 21 3 68 7 50 80 57 63 48 24 21 4 84 93 13 76 0 63 98 86 48 92 92 36 34 68 44 69 78 46 75 65 49 42 73 65 21 29 27 69 19 49 40 2 7 53 79 
7 83 42 59 97 33 51 32 33 85 76 68 28 88 42 93 2 85 65 68 72 61 61 7 80 76 47 49 84 66 27 57 14 35 16 11 68 33 43 68 17 86 35 45 39 78 37 42 28 69 9 100 96 70 6 75 46 19 90 96 86 16 52 
66 17 68 77 86 67 87 19 84 38 54 95 77 98 99 18 92 33 27 92 28 64 64 69 9 50 59 71 1 41 22 67 59 57 44 10 90 97 29 40 34 49 34 10 13 99 29 4 31 22 62 59 86 26 28 61 42 87 31 43 94 20 9 
52 43 19 62 32 15 57 72 15 6 73 26 19 71 21 23 2 43 86 27 96 78 21 56 19 7 54 28 1 40 3 19 49 23 82 81 4 38 19 20 10 58 12 96 28 33 86 97 76 71 24 71 14 45 94 100 19 47 27 87 53 97 5 
1 19 53 48 91 58 33 77 68 91 89 64 86 21 49 82 97 86 72 34 66 84 27 31 69 40 24 21 93 20 93 94 40 46 7 97 3 41 73 37 31 61 67 16 82 82 65 44 33 2 78 99 86 4 29 20 44 53 41 2 74 34 62 
80 46 70 76 15 77 14 52 7 75 86 91 56 67 21 100 0 23 44 65 76 48 95 96 59 13 37 61 53 37 90 99 83 59 74 98 35 88 15 8 28 67 65 84 34 86 50 0 9 94 65 85 7 25 80 66 5 83 94 58 86 83 57 
68 7 97 31 8 51 13 16 79 80 48 29 80 33 45 80 42 38 11 93 11 36 39 44 7 88 37 66 74 86 89 7 93 85 5 67 35 18 49 81 64 97 9 10 30 54 56 38 58 67 31 35 70 36 79 77 23 82 8 97 67 97 4 
25 48 9 92 83 94 41 63 23 37 38 33 33 58 90 72 15 22 69 17 58 4 96 1 27 78 9 91 10 73 95 36 20 70 94 69 29 0 32 52 4 36 52 37 95 7 8 76 96 43 93 54 47 89 21 75 32 30 31 42 69 92 44 
89 61 38 58 56 38 56 74 8 92 25 46 52 99 20 95 95 64 87 14 10 41 35 51 39 31 82 82 0 73 92 89 100 29 12 55 34 34 96 42 93 87 54 44 86 75 38 46 38 92 60 48 99 61 66 38 92 13 86 92 87 77 47 
52 73 25 74 6 60 69 14 52 21 69 62 6 43 0 18 47 58 78 61 56 38 26 60 97 6 45 54 59 89 0 10 61 93 50 33 52 18 13 70 6 48 31 12 91 98 31 3 55 75 65 78 80 57 3 76 63 49 29 21 3 97 99 
64 89 48 63 6 33 76 76 39 24 6 17 81 4 14 85 25 90 15 69 69 72 73 10 1 88 5 22 91 1 87 54 56 35 16 28 68 58 70 73 82 77 90 63 47 4 13 38 94 28 7 28 66 80 4 67 67 9 56 23 78 42 77 
33 77 59 28 10 16 98 83 65 40 73 94 53 77 6 92 36 0 65 30 32 10 34 100 77 43 21 100 20 63 42 20 6 67 14 83 49 11 66 13 52 4 6 4 47 79 62 49 45 26 79 78 36 12 43 79 21 64 44 8 93 52 28 
65 18 42 48 68 19 80 47 37 84 20 42 97 99 70 45 10 97 23 88 99 35 97 78 22 60 21 30 18 74 58 84 58 66 31 25 52 77 73 89 60 93 97 56 57 67 0 67 63 90 20 61 91 83 4 12 8 26 43 27 66 67 77 
23 100 74 15 51 50 88 39 9 46 36 31 69 2 98 2 31 87 22 92 77 72 97 55 80 89 98 6 20 65 83 9 64 56 24 14 5 78 19 81 23 55 78 93 23 41 61 54 27 83 46 70 54 8 25 34 63 89 6 83 53 56 58 
83 11 83 97 84 60 83 64 50 37 8 8 61 49 69 14 43 17 26 12 38 0 3 38 29 93 44 78 11 100 36 95 78 18 57 61 44 39 91 94 43 65 68 3 14 36 84 57 20 77 35 58 77 5 96 6 98 5 84 75 72 86 69 
15 3 93 42 48 31 32 7 40 64 76 43 78 78 94 0 98 70 1 21 12 6 83 18 70 55 69 45 26 54 80 7 24 72 49 38 70 47 45 9 10 87 19 54 65 79 54 28 48 56 50 60 28 32 45 99 87 13 9 79 33 55 86 
57 94 34 95 29 48 6 4 58 93 23 12 23 1 32 52 15 54 68 76 83 100 20 47 53 100 22 98 99 77 84 22 70 84 83 99 31 89 3 56 48 93 34 71 61 66 89 76 20 56 51 69 22 37 15 75 2 37 38 1 80 21 23 
50 72 5 14 69 61 17 91 75 10 24 45 71 91 0 12 77 22 30 45 44 67 26 85 36 29 23 3 8 10 26 24 82 98 39 17 24 56 7 99 32 32 10 69 89 77 82 65 99 11 76 43 44 68 94 80 97 16 83 4 94 75 29 
41 39 34 58 29 90 32 28 89 64 4 57 18 81 38 49 79 15 24 88 26 92 82 72 54 64 21 24 23 96 53 65 0 87 22 30 43 20 24 31 50 28 54 68 75 59 16 53 74 6 7 100 64 55 38 17 85 59 42 8 20 61 73 
21 14 61 17 57 82 41 54 98 35 7 66 76 66 48 28 6 21 1 72 85 56 9 69 7 68 10 15 89 37 54 76 51 81 93 74 62 100 94 26 0 1 92 76 33 5 70 39 26 72 78 11 94 87 80 0 55 56 82 9 93 35 85 
44 16 77 84 44 76 78 70 76 45 27 51 78 33 20 84 59 58 61 36 52 13 15 18 68 71 0 77 30 35 61 74 17 3 23 62 79 0 98 20 45 25 37 90 58 24 73 16 48 100 53 100 12 34 85 47 72 85 90 1 86 51 41 
3 54 64 31 100 65 28 86 76 53 90 65 10 80 3 94 27 69 12 94 82 46 78 95 84 62 84 85 13 34 25 16 55 90 13 20 20 42 72 96 95 61 27 72 6 30 31 34 66 43 27 47 55 4 41 39 32 91 90 45 25 82 28 
46 71 41 32 57 83 70 18 44 98 45 15 3 42 12 37 7 55 64 20 76 34 27 81 66 17 71 78 8 52 5 20 89 12 52 11 62 89 29 5 86 75 87 89 16 99 93 90 19 22 9 61 57 36 42 89 53 79 66 28 97 37 48 
51 50 67 62 11 55 91 83 40 31 69 95 47 33 87 36 52 9 11 12 66 47 20 54 67 65 87 95 61 23 42 78 39 8 39 50 63 97 32 69 27 67 64 41 100 50 43 17 25 55 30 91 1 16 11 34 82 64 28 8 87 37 87 
93 45 92 8 75 54 41 9 82 74 73 89 74 90 31 91 14 86 87 72 54 3 49 88 51 12 16 59 65 53 11 23 64 3 32 4 57 73 14 4 12 53 93 86 42 24 43 23 76 96 61 29 65 76 17 15 54 100 75 85 18 52 8 
82 21 40 87 79 79 67 49 91 19 42 43 28 32 86 51 7 47 78 3 12 53 20 27 6 86 68 91 3 20 65 85 41 4 37 86 83 70 1 74 90 9 83 84 41 34 0 14 81 78 84 93 97 3 87 2 55 54 59 58 40 24 9 
