26 22
22 14
49 28 99 23 36 83 78 81 84 48 33 12 20 19 45 48 60 58 33 29 43 61 
53 93 58 31 1 55 33 14 70 82 8 34 71 45 83 48 92 33 63 91 45 49 
9 90 63 36 13 97 65 23 57 84 15 15 81 16 36 13 98 5 96 5 40 32 
16 22 47 75 21 9 65 66 24 41 55 88 43 69 50 74 92 6 57 73 88 3 
89 91 16 86 96 78 58 1 77 40 91 23 81 11 99 46 78 22 53 99 9 62 
33 59 35 24 32 58 97 86 61 52 76 43 3 38 88 27 5 64 68 62 87 48 
74 85 60 17 6 79 15 83 40 49 7 75 39 39 99 2 92 25 20 33 69 23 
37 56 51 43 86 85 4 72 32 44 22 59 27 95 37 43 77 78 58 85 18 63 
90 84 31 47 8 51 47 43 75 84 65 92 26 50 76 98 88 74 7 9 32 35 
4 70 44 47 13 1 98 31 30 54 14 62 67 90 12 13 32 53 98 64 44 90 
13 86 87 1 60 61 77 58 96 47 27 39 61 6 6 58 38 36 11 18 64 45 
7 77 58 6 96 55 70 6 45 49 92 98 16 17 58 94 76 53 6 69 58 67 
76 64 25 80 67 2 98 30 47 72 73 5 44 35 60 13 41 71 28 99 69 45 
16 93 38 58 46 44 26 70 11 68 34 2 47 67 71 11 97 18 49 36 90 93 
71 15 72 78 87 100 76 21 44 58 13 82 15 25 93 8 96 70 42 29 72 90 
62 8 0 24 26 49 60 15 7 97 98 79 74 84 78 50 71 22 74 84 70 90 
9 28 64 4 98 5 100 35 61 61 44 27 51 36 76 11 18 49 7 15 27 48 
65 5 98 35 94 71 85 29 26 94 58 56 64 21 28 29 57 89 56 67 16 7 
2 58 85 87 7 92 1 34 5 66 5 2 67 65 40 52 95 32 11 52 89 42 
73 16 71 96 71 94 28 87 67 98 45 51 84 52 8 86 52 14 17 24 83 51 
89 22 2 83 21 80 0 76 21 40 58 59 1 28 52 30 15 18 27 60 69 10 
78 43 62 96 57 80 19 40 30 8 28 99 57 49 78 58 24 100 98 82 24 99 
10 42 95 92 60 21 17 95 32 95 37 60 56 61 39 76 0 35 84 28 100 6 
44 78 64 68 43 27 16 67 93 26 8 87 84 34 75 0 95 73 61 98 32 16 
58 72 92 24 73 41 53 73 48 63 16 78 30 59 5 12 92 98 38 66 50 88 
66 24 88 60 97 48 57 29 65 82 67 22 5 5 30 24 78 78 87 60 55 84 
18 26 96 76 90 0 41 6 88 6 30 76 32 94 
90 56 22 54 37 55 43 8 60 73 33 4 16 86 
64 71 69 49 64 31 24 53 31 32 59 18 4 56 
60 37 49 50 93 37 70 29 92 79 3 17 51 36 
88 67 89 52 4 57 67 68 88 57 87 85 89 12 
3 94 34 29 97 83 45 89 86 82 84 43 60 87 
60 11 90 14 44 78 32 14 34 99 48 89 55 1 
73 10 13 42 70 13 38 66 62 83 20 47 64 3 
90 24 90 15 1 45 29 11 22 27 26 23 25 74 
11 47 75 50 57 54 93 93 67 30 58 28 79 78 
41 43 47 97 33 2 12 34 48 7 45 70 35 37 
93 26 11 70 73 86 20 96 6 79 88 73 75 11 
68 53 55 8 96 68 5 28 71 84 28 85 57 40 
20 92 77 80 85 54 49 23 40 35 19 46 80 73 
85 54 51 52 7 5 61 69 40 32 64 77 15 92 
61 72 98 81 30 75 26 14 95 76 3 34 77 22 
46 57 62 98 10 12 15 84 84 42 19 23 74 83 
100 55 40 26 27 38 7 23 79 100 3 73 75 6 
74 18 96 86 41 57 83 17 35 99 1 18 6 20 
8 81 2 74 35 8 0 28 46 74 51 91 73 54 
64 14 27 3 32 22 89 73 79 38 90 80 2 57 
98 8 43 72 55 11 46 91 20 46 85 32 86 36 
