44 48
67 65
21 5 39 64 2 20 26 55 80 98 75 42 50 42 71 21 32 51 60 30 6 33 49 24 66 47 51 74 60 82 37 81 87 42 10 89 62 3 43 8 67 84 16 83 26 53 4 24 
3 30 20 10 29 69 0 96 83 17 35 42 99 72 89 85 13 100 74 42 69 83 16 35 33 32 17 59 86 88 49 55 18 70 31 47 4 31 8 87 14 44 28 12 82 17 64 62 
83 37 70 51 86 86 52 18 17 69 43 2 23 93 58 41 28 89 54 32 87 29 86 0 39 13 80 87 97 43 48 79 46 17 96 31 69 47 16 87 83 59 55 72 17 79 79 11 
34 32 10 20 27 96 87 66 8 32 53 72 75 67 50 87 51 12 85 19 59 0 72 7 25 27 79 9 5 57 20 39 56 30 25 83 25 79 15 0 10 34 72 52 67 88 38 17 
100 89 3 25 89 75 99 81 1 78 90 74 0 76 79 56 6 4 5 98 49 20 64 25 20 1 43 87 90 48 4 55 36 74 80 25 48 79 5 50 22 61 23 22 36 1 45 8 
72 50 6 87 36 70 12 56 38 55 8 27 69 79 82 5 52 28 30 0 73 1 16 95 28 5 83 64 6 27 73 45 43 45 31 45 81 9 67 18 31 76 11 100 54 94 4 6 
88 0 73 60 68 89 20 62 94 69 26 66 63 65 77 5 76 75 51 22 84 17 41 81 59 52 47 13 11 51 86 65 18 58 91 52 12 10 14 5 46 6 71 8 37 14 13 12 
89 30 0 72 14 41 19 73 60 66 52 37 83 3 2 0 61 59 53 39 70 33 44 82 39 82 90 42 96 69 54 84 100 20 21 80 62 40 52 88 5 71 24 89 74 93 55 1 
52 74 40 88 6 51 69 11 32 24 53 94 93 73 77 92 94 98 71 21 4 90 8 76 26 99 64 100 92 86 67 9 59 7 63 66 58 98 43 56 21 97 49 13 69 25 5 28 
89 42 49 59 98 57 35 23 22 65 90 80 50 56 89 9 63 17 41 87 14 84 42 35 80 91 48 15 82 19 43 37 28 59 96 25 82 30 15 3 96 4 83 45 26 37 20 56 
54 61 42 68 45 51 2 91 41 51 72 90 36 82 26 64 40 21 56 21 52 71 92 13 41 74 24 33 11 45 89 65 5 98 100 16 48 1 74 55 18 45 44 21 93 36 85 99 
58 40 20 76 77 11 89 84 51 79 17 28 23 72 60 96 35 59 11 49 26 85 4 11 97 14 32 89 51 83 88 75 90 74 50 66 51 4 16 68 83 100 97 73 37 56 68 73 
14 79 21 40 30 92 17 26 6 49 81 23 32 34 98 21 74 13 53 24 17 69 59 66 34 55 38 72 10 5 44 91 51 65 97 81 23 14 73 96 63 19 18 61 20 82 48 94 
95 1 85 78 36 43 43 71 98 48 42 74 53 52 64 3 83 26 50 5 40 89 0 70 8 18 97 28 66 45 21 60 46 72 37 82 14 47 18 78 95 60 17 47 11 81 17 95 
74 33 100 80 22 67 49 97 51 12 24 17 57 11 77 2 84 81 50 64 27 69 8 88 95 25 0 6 73 84 67 46 17 32 25 39 99 41 1 50 53 25 67 9 2 9 78 52 
90 94 83 83 28 91 36 23 15 37 96 88 20 62 33 37 60 25 42 25 66 43 75 85 34 7 94 3 83 37 55 39 30 37 21 25 27 58 48 9 61 43 97 81 71 97 85 30 
21 26 55 53 36 96 37 70 69 97 39 52 100 95 91 96 98 78 20 92 1 68 0 62 77 97 43 47 59 27 44 46 19 65 99 55 61 1 92 29 64 97 47 63 91 37 59 55 
15 79 46 83 13 46 45 90 8 54 3 34 47 47 80 32 11 45 54 38 12 45 34 77 7 81 39 99 18 98 53 100 43 65 82 56 77 93 11 85 12 14 85 59 27 65 58 5 
76 11 43 88 22 77 64 29 24 3 27 8 67 46 7 9 77 55 31 53 14 9 4 26 23 89 52 17 53 9 22 28 20 31 16 42 75 80 71 99 49 65 6 16 77 80 92 54 
34 90 6 14 99 10 7 88 66 25 4 18 34 93 13 20 24 96 28 99 41 65 97 91 96 2 73 39 48 30 93 48 86 65 63 84 42 70 38 7 61 8 92 61 1 4 81 25 
66 75 23 7 5 86 98 1 88 36 40 35 66 99 83 52 29 11 1 37 47 5 44 7 14 2 68 15 73 14 40 39 89 29 46 95 14 9 62 68 45 1 69 77 66 17 95 95 
29 63 32 42 68 42 50 82 44 84 63 84 99 69 22 53 98 34 47 78 43 8 11 54 76 80 30 41 98 92 36 93 54 34 34 88 76 50 36 20 34 99 70 99 68 92 51 31 
25 99 76 34 73 87 88 15 67 84 56 30 75 58 89 28 92 89 16 68 39 52 54 39 16 23 37 50 81 88 48 72 52 23 5 92 9 93 6 42 76 28 38 17 87 26 45 78 
15 27 11 20 45 31 59 62 54 96 11 0 49 59 72 68 48 77 59 24 35 65 32 78 93 71 95 45 63 5 90 78 33 0 98 44 99 22 5 18 84 84 19 33 8 91 0 23 
34 59 47 69 90 79 46 48 15 6 94 79 12 83 22 11 49 20 55 47 8 27 66 93 77 85 25 51 41 92 74 75 50 87 10 5 32 22 53 47 29 46 92 7 95 14 85 44 
0 5 91 8 32 22 0 75 73 25 26 14 16 66 55 32 53 31 3 51 54 57 64 49 69 56 22 64 70 6 74 70 11 30 78 10 53 79 85 25 70 77 5 53 9 27 51 28 
24 55 79 44 78 42 59 46 98 81 76 33 53 49 69 65 80 47 41 99 92 92 90 27 69 62 46 78 89 98 72 79 18 50 23 96 58 82 7 22 63 84 55 15 32 24 46 78 
37 87 76 95 79 66 21 13 27 68 57 82 31 28 60 15 44 49 77 1 31 84 90 94 67 45 75 66 69 88 9 72 40 86 66 85 17 53 64 10 87 20 92 17 14 17 99 24 
67 75 93 98 59 82 57 92 26 98 23 61 51 33 99 92 85 64 76 1 17 40 78 3 26 35 88 7 52 86 31 85 61 90 48 86 72 71 77 64 35 0 25 86 100 23 43 84 
54 86 51 71 92 28 40 17 63 27 91 81 80 89 66 40 78 80 92 49 51 68 13 52 34 4 37 33 94 81 83 47 66 33 84 57 27 24 40 90 17 98 37 97 86 69 2 63 
48 94 79 65 28 58 16 62 62 54 62 55 0 10 69 32 10 52 55 37 42 95 94 60 58 97 56 43 65 59 73 12 52 51 78 46 8 60 75 70 80 2 91 80 12 25 78 22 
78 32 26 86 94 86 45 51 82 1 95 46 26 67 58 44 84 1 91 92 28 65 27 7 67 84 54 79 9 31 68 53 64 60 38 23 45 50 74 26 51 34 72 77 67 96 20 50 
64 10 41 92 41 34 65 7 18 18 53 94 50 87 12 80 46 16 2 91 66 42 16 16 77 54 59 43 15 80 94 79 56 0 36 64 1 1 71 19 19 90 79 35 76 91 14 88 
6 16 78 39 59 60 55 1 80 81 44 96 26 3 40 82 71 77 11 72 78 83 57 63 38 35 99 14 92 12 68 64 96 46 2 20 72 24 21 52 4 65 47 30 35 87 78 5 
29 90 77 73 38 33 36 76 34 34 56 25 12 24 89 7 36 58 27 7 82 14 25 86 46 72 15 81 25 59 52 20 48 95 94 86 94 29 28 27 29 84 18 41 74 73 15 9 
30 8 17 78 23 42 63 69 81 44 15 72 3 67 92 17 61 51 70 20 80 64 47 8 47 31 16 88 3 31 97 0 5 80 78 28 89 41 63 35 51 78 6 20 10 64 4 37 
15 74 57 61 3 70 36 50 0 52 3 71 49 0 71 54 46 48 49 34 55 11 69 73 56 41 93 32 72 97 70 53 36 93 13 39 63 15 56 63 67 59 100 82 25 70 36 72 
18 85 5 39 62 41 11 84 48 71 16 19 67 52 38 70 44 18 8 73 33 30 2 0 56 1 82 81 72 84 18 56 34 91 95 97 31 73 46 45 43 62 31 76 80 69 45 24 
87 20 97 20 50 65 87 72 67 34 53 38 18 37 60 52 27 20 14 24 93 61 70 35 89 0 78 69 35 22 93 22 8 55 8 59 20 95 97 87 28 49 91 12 87 50 65 80 
70 45 4 29 5 40 30 95 40 7 29 41 97 21 63 4 42 71 63 28 31 60 81 26 75 71 38 27 87 69 74 23 14 78 52 86 84 82 46 90 90 75 30 86 62 94 90 71 
30 19 99 28 45 80 54 86 16 58 80 3 94 53 93 74 97 44 59 80 25 72 35 81 46 65 32 75 24 89 45 55 74 43 49 85 89 69 70 72 93 15 41 86 34 33 59 97 
77 85 42 68 56 77 15 1 42 47 42 66 1 87 87 75 97 35 59 51 70 96 22 63 10 63 48 11 96 74 7 38 58 50 73 13 26 88 81 68 0 23 0 2 76 87 77 72 
89 2 23 58 98 11 20 74 75 35 85 36 8 59 41 66 8 13 45 0 67 92 35 67 81 35 69 57 21 46 95 9 48 84 68 11 96 54 51 36 89 36 38 63 61 45 95 35 
58 39 35 24 98 70 58 78 71 26 34 93 38 96 68 52 79 1 63 40 22 14 76 10 16 81 40 77 25 34 11 50 40 12 40 37 49 98 14 19 24 15 78 62 10 46 14 55 
13 43 96 35 23 37 12 39 17 52 82 43 86 59 59 92 72 99 28 87 97 43 5 20 58 84 48 34 96 28 89 75 38 84 10 61 21 89 67 4 40 48 13 92 74 72 84 45 37 78 98 33 20 2 19 44 52 33 44 13 62 33 89 100 83 
65 26 70 53 93 75 59 41 54 50 81 26 100 25 63 78 89 62 64 91 81 75 9 13 18 22 41 51 10 6 34 75 33 3 27 25 44 52 32 99 2 12 91 68 3 19 11 92 81 42 49 27 16 58 6 34 80 48 52 57 20 52 31 53 55 
25 45 66 77 77 64 45 56 20 80 25 39 57 17 86 99 32 12 14 90 85 15 35 99 67 92 19 18 90 72 39 81 83 4 23 60 34 35 82 20 14 6 59 37 90 10 36 21 89 50 77 74 31 12 72 98 70 91 82 59 29 21 39 11 92 
63 37 26 64 18 46 44 92 72 81 47 82 16 35 37 33 11 10 64 23 48 28 94 39 9 18 34 30 24 45 22 87 49 14 16 33 26 60 24 98 40 38 46 57 73 83 56 84 59 19 74 73 13 33 11 23 17 11 53 41 23 41 94 72 55 
9 4 82 69 96 45 76 33 57 99 72 39 54 55 64 39 95 37 53 94 14 76 11 26 95 18 15 36 12 87 57 21 91 4 57 52 50 32 85 6 30 22 12 50 44 42 89 38 79 41 99 60 83 76 52 44 94 67 80 5 53 2 94 9 7 
50 62 57 48 12 29 78 1 41 27 45 84 82 83 28 23 47 88 72 22 39 15 16 72 61 88 24 64 81 0 37 97 28 94 44 6 22 21 7 30 14 52 13 97 1 41 86 48 29 23 37 34 39 19 6 66 6 97 96 54 63 32 50 57 25 
95 64 14 82 37 44 63 56 23 25 57 64 10 71 59 100 74 60 38 93 32 71 66 95 66 19 24 99 35 81 90 96 10 70 44 48 13 6 70 2 31 93 33 7 29 58 6 3 17 11 62 15 82 94 10 47 79 0 11 14 81 1 76 92 71 
19 5 51 25 75 53 22 33 86 96 62 44 2 31 27 80 94 43 61 53 19 74 32 19 86 12 66 53 88 57 23 7 28 74 99 69 94 88 1 45 83 30 55 51 61 83 30 20 92 57 74 10 31 72 96 83 84 61 35 71 85 58 44 79 99 
43 48 58 97 15 2 79 11 58 30 73 6 60 59 98 17 32 74 14 70 69 97 53 96 98 91 46 55 0 25 19 9 39 77 5 20 80 85 32 3 14 4 9 40 29 6 23 28 46 37 98 81 100 51 76 97 7 89 18 7 13 3 17 52 81 
22 72 26 6 70 96 87 40 4 27 70 77 16 98 22 54 95 2 19 11 44 83 85 32 67 93 11 70 76 63 16 98 1 8 71 71 3 23 78 74 16 47 50 33 44 38 53 4 6 38 83 51 20 67 49 53 25 61 90 67 90 72 31 57 81 
1 95 50 91 72 91 7 18 6 40 28 45 59 99 17 97 47 34 84 14 84 36 5 10 25 73 66 98 3 23 44 71 84 60 61 55 16 34 39 23 40 33 34 99 31 51 96 79 86 45 59 35 81 64 45 73 2 77 70 72 100 80 42 83 5 
70 3 22 3 42 45 10 75 79 8 73 96 70 51 81 14 76 82 62 39 93 34 8 70 70 80 69 49 89 18 20 24 88 42 27 30 87 3 71 31 12 43 27 48 60 74 29 35 22 91 41 14 91 49 84 60 95 19 75 83 3 95 73 91 37 
67 87 90 70 58 88 82 67 14 97 94 54 25 28 76 82 35 57 72 84 40 98 45 59 72 94 28 32 67 19 69 33 5 25 2 29 12 51 63 93 13 56 46 38 50 89 86 86 45 23 35 51 20 80 77 92 74 4 23 6 23 59 39 96 84 
7 91 96 58 53 88 71 75 100 75 25 54 26 10 65 49 45 16 69 92 59 26 31 63 16 37 53 75 42 14 24 49 4 19 74 24 73 10 99 72 86 90 93 78 100 57 27 11 39 96 2 98 22 33 61 38 36 80 79 78 94 2 26 98 88 
100 88 60 77 87 98 28 42 90 5 8 47 32 19 52 28 88 50 16 87 77 20 22 56 99 100 49 0 92 12 88 58 0 13 34 53 10 62 95 0 67 2 13 66 88 65 60 41 81 76 27 57 96 49 12 60 14 27 26 6 40 13 64 40 93 
98 59 2 59 19 69 92 89 82 57 76 13 16 17 94 58 10 51 19 60 63 79 74 57 4 80 97 84 9 2 42 6 61 45 31 80 13 23 68 62 46 10 75 63 94 34 87 3 85 6 29 14 51 3 71 22 49 67 72 59 35 14 65 96 59 
63 41 38 86 76 66 31 52 40 60 45 75 47 48 25 19 78 39 70 47 76 92 96 8 64 20 43 44 52 4 69 14 12 6 66 88 73 97 39 79 23 50 19 36 98 45 55 41 50 24 88 93 83 50 0 12 36 10 56 88 81 24 68 93 97 
33 46 35 97 51 81 19 67 100 55 65 10 76 72 27 100 26 19 48 76 86 60 78 62 15 66 43 5 100 1 69 33 14 3 29 31 84 14 99 50 35 29 60 10 0 87 76 26 72 24 68 58 84 46 19 66 11 28 37 10 97 5 9 10 76 
4 41 25 85 39 75 19 68 1 96 35 54 72 61 26 62 29 50 11 75 35 77 52 64 14 28 60 86 4 36 61 8 43 53 94 49 94 79 83 95 41 17 15 79 79 41 40 74 57 51 14 92 95 66 21 75 60 47 60 64 83 88 39 93 40 
99 41 100 43 23 95 84 41 9 28 86 16 68 59 73 86 73 30 80 4 52 54 30 65 80 61 48 67 100 40 73 64 81 73 73 70 33 23 10 8 51 96 24 19 54 63 71 93 59 50 63 10 70 94 76 49 54 90 16 19 96 55 49 42 94 
21 11 26 44 22 34 62 84 24 81 38 53 17 97 12 67 60 89 36 19 64 85 39 19 67 58 14 89 73 22 82 60 34 75 4 22 8 32 5 100 79 9 52 96 6 30 62 32 19 64 51 83 14 90 69 48 13 83 36 86 72 17 11 5 92 
82 27 67 13 99 32 92 8 84 87 81 14 14 12 33 78 29 82 93 85 50 40 98 100 42 49 71 25 60 42 84 8 35 50 21 33 48 13 7 98 100 88 78 14 66 77 58 95 59 50 45 75 56 8 40 98 23 77 90 50 85 73 58 19 89 
79 19 36 92 26 33 58 14 11 38 46 88 96 7 12 12 52 88 68 61 94 32 84 71 21 100 55 94 57 41 82 36 60 84 94 86 16 51 66 94 89 12 82 85 19 94 97 37 47 30 64 7 28 14 44 49 13 65 8 71 5 56 73 31 39 
66 84 22 84 49 15 38 27 63 89 12 57 51 16 70 82 80 77 76 94 87 25 7 52 100 78 57 22 50 55 27 82 38 49 31 53 65 70 81 27 58 59 50 76 75 87 57 55 29 99 48 16 23 55 68 90 99 91 11 14 45 38 63 49 54 
94 2 85 63 49 78 88 7 95 63 83 81 86 3 9 84 51 25 74 73 59 29 37 16 6 52 27 10 14 77 64 74 79 48 3 27 26 91 0 20 19 49 67 71 52 76 20 70 68 60 42 93 89 79 8 61 97 36 72 77 79 35 51 57 50 
54 50 42 10 16 28 29 66 95 66 17 36 52 87 70 12 95 63 67 40 37 95 36 39 66 13 17 67 64 40 16 17 56 58 27 73 86 22 38 80 54 55 83 5 8 52 84 2 14 17 42 18 11 79 57 77 58 41 43 21 81 26 4 3 84 
98 76 36 19 13 82 39 34 64 44 42 83 95 11 63 11 53 81 22 98 38 65 21 45 74 42 25 100 12 95 50 9 70 86 95 49 33 100 50 64 44 58 46 4 69 8 15 89 90 3 52 94 68 74 38 41 82 29 41 95 24 91 70 60 42 
31 9 41 30 25 4 40 83 50 44 52 25 25 6 81 28 58 74 96 31 78 3 80 73 44 40 63 0 9 23 8 6 99 49 37 23 20 43 5 36 88 23 61 12 29 41 7 88 81 2 85 58 5 64 31 15 3 94 82 80 83 90 86 81 5 
89 70 25 32 42 27 86 65 89 64 95 96 71 48 77 40 32 0 45 63 98 27 66 58 8 11 6 99 64 54 70 52 23 61 50 65 88 1 97 42 66 57 4 2 4 47 42 2 13 54 65 11 81 98 35 89 75 41 53 38 95 89 91 18 49 
6 49 3 8 45 11 40 1 15 8 72 28 51 75 42 71 5 53 51 2 54 5 44 95 25 82 90 13 38 74 63 45 89 32 19 0 43 25 1 25 33 40 53 50 14 95 20 86 13 37 55 67 43 99 28 68 80 84 47 18 57 76 29 11 7 
14 11 51 39 80 42 38 19 95 55 100 56 41 85 69 79 39 36 88 3 30 21 84 13 68 68 36 44 97 47 51 10 59 68 15 4 76 53 90 71 7 89 26 15 39 61 94 45 63 81 48 93 68 31 5 35 99 41 45 61 89 63 71 13 97 
52 17 73 5 6 43 79 61 35 94 100 96 53 44 59 100 93 17 67 90 23 69 89 64 13 15 18 42 87 98 39 38 81 11 9 53 54 55 13 55 14 80 50 68 90 75 33 82 93 0 38 82 35 93 11 14 7 97 57 60 94 96 99 75 6 
74 27 26 28 7 81 9 87 97 43 42 38 76 24 97 42 28 78 77 20 55 92 27 51 14 88 45 9 52 86 82 92 79 7 87 52 54 96 4 50 38 47 54 13 37 50 56 65 94 99 85 49 56 78 100 70 31 10 45 49 62 26 41 41 100 
27 93 53 89 98 70 26 10 23 5 47 74 27 11 67 26 62 82 48 5 82 18 37 58 29 52 20 56 93 61 55 86 19 75 74 83 44 100 93 67 5 5 6 99 83 40 91 10 21 39 16 69 57 19 27 52 71 47 7 30 74 29 15 59 70 
90 8 13 89 67 46 60 73 53 59 55 93 15 66 13 54 48 83 77 67 76 29 3 22 2 33 62 31 49 20 67 38 95 80 93 62 26 53 34 79 78 55 37 93 20 16 13 34 99 90 0 40 18 4 28 21 3 90 18 52 77 86 90 71 31 
49 32 57 1 32 1 45 88 38 3 74 55 16 8 19 73 75 60 91 45 88 78 49 44 63 67 87 14 23 57 45 72 56 2 39 54 70 50 41 8 19 82 29 36 56 14 8 30 74 65 42 28 9 57 38 72 23 24 86 46 47 30 84 69 99 
22 23 69 72 30 43 92 11 38 94 67 52 68 64 93 99 72 20 7 28 24 45 17 48 30 30 61 27 13 30 92 2 53 60 40 49 69 98 61 73 91 94 25 24 23 17 90 95 3 97 22 27 42 6 41 38 36 68 65 49 98 57 17 16 83 
58 32 18 55 93 91 12 52 15 2 76 99 92 70 68 55 59 61 63 65 68 0 0 36 32 15 100 55 100 83 3 57 14 21 78 73 79 90 24 60 93 100 59 84 70 93 4 95 54 67 59 21 68 25 57 66 6 57 20 5 5 23 28 19 11 
6 92 56 96 15 15 54 15 40 38 51 33 42 45 53 76 70 74 43 61 31 8 67 54 95 39 25 84 67 44 61 73 1 16 69 83 99 22 98 38 26 14 37 35 25 90 10 61 30 19 21 27 94 89 81 88 27 72 37 60 15 99 33 83 14 
1 65 79 90 29 17 83 43 20 84 35 77 60 96 6 45 17 33 38 72 80 92 65 51 28 24 32 93 57 14 74 24 79 52 81 7 69 63 17 56 12 18 32 72 13 38 16 97 71 20 68 50 11 32 67 5 57 99 99 13 12 72 4 57 23 
85 31 59 13 14 81 25 32 12 63 45 16 45 42 53 65 76 69 42 8 35 47 31 33 11 10 11 49 14 34 39 99 65 64 11 79 44 2 10 22 31 22 38 76 30 91 6 5 59 48 80 94 62 10 93 73 21 70 89 35 3 27 0 69 57 
78 13 0 81 91 22 11 79 26 54 8 83 60 80 41 75 60 0 36 70 59 75 91 28 63 93 98 56 93 32 12 70 46 12 16 2 0 95 81 93 48 55 75 74 34 15 48 60 82 84 30 6 25 87 34 88 45 99 44 37 30 56 74 42 35 
90 44 1 50 91 95 64 45 69 38 46 51 52 5 99 2 1 5 27 55 5 14 100 3 24 37 34 47 77 76 48 32 87 49 83 77 9 46 89 45 50 34 62 2 5 60 4 7 31 98 28 37 11 27 6 2 30 40 49 6 83 97 39 69 11 
88 45 21 100 33 32 16 33 94 85 39 19 55 12 17 52 40 54 63 67 60 65 64 67 80 70 49 76 75 17 54 28 28 41 28 28 73 10 61 32 95 100 51 49 78 68 0 17 88 29 51 14 61 14 47 40 50 96 83 25 79 36 19 73 77 
13 0 15 23 62 47 17 27 64 32 5 99 99 89 52 95 39 66 55 53 12 61 3 74 9 95 18 11 13 92 54 27 92 69 16 19 82 0 47 46 32 18 44 98 6 62 92 46 28 12 65 6 39 68 47 15 28 65 26 42 22 47 35 14 82 
17 100 64 17 12 76 16 30 19 13 3 81 71 15 75 49 80 48 54 14 61 69 42 92 62 50 14 8 51 95 56 69 94 19 86 6 95 68 2 80 81 5 27 17 87 68 66 67 15 20 47 42 55 89 34 16 5 48 91 56 8 47 24 68 32 
77 40 27 44 43 73 92 14 100 8 1 68 41 34 49 27 81 58 82 35 92 65 40 5 21 97 13 68 87 81 67 63 21 94 7 30 32 99 10 32 73 11 66 80 11 81 6 92 38 55 27 96 86 67 0 6 29 80 41 16 27 74 79 14 33 
86 44 65 50 20 63 90 32 28 69 9 76 42 1 80 63 28 76 14 61 42 20 91 22 27 6 49 0 85 29 100 37 39 65 53 59 27 42 57 22 78 67 64 19 68 43 82 62 85 96 89 27 82 79 15 76 51 64 42 36 59 42 39 98 6 
92 56 100 0 13 21 78 80 85 63 13 95 44 75 79 5 63 5 53 8 20 95 59 50 3 61 8 45 66 5 17 24 28 83 24 41 4 68 20 55 30 100 15 40 74 95 11 2 66 64 10 53 25 36 69 28 97 44 39 63 15 22 87 43 4 
77 84 75 44 70 30 74 69 11 13 8 5 24 11 72 54 88 91 79 23 59 73 87 2 11 15 18 33 68 61 38 44 11 79 54 81 75 27 16 87 6 24 92 97 35 29 16 90 86 62 79 45 34 65 13 12 46 98 45 13 59 49 57 36 95 
10 83 69 3 99 55 76 23 13 72 24 8 55 13 95 16 93 39 16 23 18 28 70 16 40 49 41 55 6 77 49 83 59 18 53 58 73 28 47 52 67 71 61 21 85 55 37 43 60 53 32 78 48 68 94 88 17 34 42 90 77 92 72 36 9 
91 60 48 19 6 0 86 77 27 6 27 82 9 36 41 28 35 85 76 69 79 63 86 79 72 41 56 63 80 58 38 70 84 52 89 90 18 40 32 45 12 26 26 21 28 33 16 63 85 58 32 63 88 84 7 59 92 29 88 71 87 25 40 36 77 
29 25 96 35 24 40 48 50 33 35 44 32 51 7 16 76 5 45 63 55 19 88 46 48 75 16 1 100 23 37 42 18 29 37 53 53 44 0 69 43 36 12 75 53 86 58 28 57 69 57 12 88 44 24 36 18 7 37 84 30 74 26 14 69 63 
67 21 73 34 56 15 36 69 57 89 54 81 84 78 49 40 56 37 85 80 39 69 53 76 53 49 15 79 63 85 7 97 72 81 30 28 62 66 97 18 20 16 65 3 60 14 10 15 51 95 62 90 29 14 31 82 64 12 26 93 97 34 89 35 81 
18 63 42 50 25 27 71 7 92 74 68 72 84 83 89 44 10 44 74 25 75 21 55 88 48 47 50 48 2 85 28 20 13 36 37 38 29 7 12 88 47 80 59 31 28 48 41 39 92 81 30 33 69 85 87 16 98 2 64 100 54 58 87 67 60 
23 72 90 97 84 77 43 29 1 40 23 49 82 62 7 28 58 6 97 42 93 79 6 95 8 5 14 66 92 82 26 81 19 82 77 69 58 20 64 59 60 87 75 7 15 82 2 73 88 99 82 46 78 88 6 86 93 21 18 51 69 10 98 88 92 
75 22 15 61 86 74 87 72 14 95 53 62 63 93 49 61 74 61 4 61 68 57 19 89 41 36 57 51 34 10 8 8 99 23 35 84 63 21 21 78 82 75 39 44 67 55 72 6 15 76 33 83 99 18 37 39 55 60 56 89 36 64 63 34 87 
98 84 16 85 5 94 67 46 32 10 79 53 82 85 69 24 17 17 89 35 21 95 56 81 16 10 84 81 73 17 33 36 1 49 21 73 8 88 18 41 64 97 60 12 47 28 2 30 12 91 65 33 51 88 80 68 98 63 14 71 47 47 73 14 63 
94 53 71 47 71 78 78 33 38 90 80 32 58 9 44 14 40 43 66 27 90 33 25 18 13 62 31 60 34 45 22 95 98 60 7 34 37 85 33 41 40 12 74 98 88 84 12 28 94 44 21 83 43 12 67 56 74 99 15 75 9 4 35 74 30 
8 74 67 94 7 75 100 19 48 64 74 98 76 1 91 19 89 39 62 1 6 84 41 71 65 15 80 69 16 19 65 25 94 32 85 0 6 84 19 20 47 93 17 89 60 75 74 15 13 1 16 86 85 57 56 50 39 2 85 55 21 50 80 14 48 
64 81 20 14 0 40 27 59 23 83 86 64 56 0 78 24 83 29 8 39 52 24 44 54 9 100 41 25 45 22 73 76 2 93 90 69 99 83 95 88 65 80 52 88 46 96 11 28 91 86 33 42 10 78 62 19 43 70 44 88 92 83 63 60 41 
18 29 5 68 90 93 32 69 10 86 81 5 97 75 63 83 7 4 93 51 33 78 60 2 88 48 60 70 77 19 77 62 14 82 29 3 74 27 38 51 13 18 56 76 59 18 58 67 90 16 84 22 60 44 91 13 58 50 49 0 35 25 62 50 6 
91 19 47 85 58 98 98 42 19 39 1 4 64 34 60 80 84 82 6 94 38 19 51 88 69 52 22 60 80 38 67 37 24 80 21 48 77 85 90 62 23 57 66 87 57 92 33 41 39 39 34 77 24 52 64 59 70 53 19 49 57 86 86 81 31 
6 28 7 57 85 35 81 7 68 67 65 59 66 72 99 4 72 75 96 90 5 54 59 24 73 8 47 24 60 95 55 33 22 28 90 73 30 36 81 98 70 11 56 35 83 20 40 20 96 1 10 67 55 69 57 95 43 3 18 70 98 40 2 87 34 
58 59 64 95 5 61 64 16 84 99 65 3 4 52 65 5 62 98 27 97 54 21 6 58 5 76 21 45 44 7 80 1 33 9 62 38 37 25 21 20 91 52 90 61 3 21 67 31 18 60 28 39 81 0 63 86 42 84 98 86 92 43 53 24 52 
82 28 89 73 15 75 63 68 65 24 71 52 57 2 70 83 97 75 63 63 37 14 4 21 11 56 79 20 8 69 39 56 97 27 29 12 69 58 46 100 48 83 51 4 85 87 53 47 62 15 9 99 97 80 86 74 35 64 95 10 32 33 66 96 26 
95 7 61 53 19 60 0 1 77 72 53 64 24 100 92 6 76 56 2 55 42 76 57 5 36 67 4 35 32 100 62 27 73 22 46 92 49 46 93 25 84 45 89 8 11 46 81 53 2 83 74 44 24 30 15 61 97 19 96 96 85 23 22 57 12 
