7 39
39 26
99 91 46 24 97 20 76 12 99 47 82 29 57 83 99 31 21 10 90 89 92 49 84 20 77 89 31 86 59 84 29 23 40 75 13 2 95 55 14 
94 68 96 22 25 78 87 56 65 63 11 53 55 60 37 41 2 25 72 88 50 55 17 74 95 58 53 97 53 8 11 12 76 73 0 67 51 54 89 
82 83 100 35 37 59 72 78 28 63 16 82 80 71 65 19 32 23 72 28 42 80 5 20 22 79 20 55 96 40 44 77 23 43 78 26 69 15 71 
97 79 87 78 58 23 43 77 55 32 14 50 74 61 21 94 83 100 80 37 61 20 47 4 9 91 82 1 59 98 72 55 42 24 99 66 48 7 8 
2 39 22 52 12 83 74 72 31 39 52 35 67 38 82 71 13 72 18 14 97 15 53 51 23 77 16 89 24 90 97 94 29 86 11 7 68 51 46 
66 57 98 67 90 1 48 60 14 87 44 28 83 26 81 0 49 24 83 38 14 72 0 74 0 86 86 75 20 2 20 86 25 84 52 14 85 66 40 
65 18 85 93 1 10 40 68 59 30 50 63 44 21 64 18 89 15 70 29 35 72 15 87 98 99 38 78 49 71 18 80 89 2 38 56 12 78 90 
37 7 39 0 18 27 30 36 82 45 5 77 47 43 92 33 6 56 38 85 71 8 69 50 63 71 
88 86 49 32 75 86 5 81 52 23 74 48 25 21 94 97 98 40 40 55 73 12 10 10 63 47 
85 31 97 14 1 50 100 16 82 74 2 88 54 20 77 27 69 2 14 28 99 11 68 4 32 6 
17 42 84 46 55 34 78 51 48 45 68 47 62 49 88 30 2 41 50 80 35 85 82 49 12 46 
27 46 51 59 19 34 68 2 80 22 2 23 40 51 69 7 64 97 22 51 26 25 59 42 4 60 
27 52 75 5 98 1 52 14 27 71 48 95 39 95 83 41 17 89 58 52 96 89 48 85 39 40 
9 98 83 80 23 76 98 99 81 95 100 32 9 26 69 23 87 7 17 70 15 35 58 39 87 20 
27 1 4 67 41 80 30 90 25 54 65 22 18 12 83 17 10 58 10 80 82 97 53 65 32 68 
66 57 7 53 77 0 20 47 67 27 93 64 17 17 84 48 5 1 60 88 85 71 46 61 16 94 
24 69 58 56 3 24 79 77 43 55 77 29 68 10 56 60 40 73 43 23 21 48 91 47 36 41 
17 48 2 100 7 26 69 65 48 38 55 27 14 64 48 91 93 16 67 49 42 6 88 86 96 8 
33 86 22 35 27 5 49 96 5 56 21 40 88 69 78 42 62 92 6 10 48 65 26 15 13 68 
88 1 19 84 76 53 69 64 54 62 70 3 57 75 59 44 14 12 80 58 55 41 49 27 51 63 
58 77 44 72 11 32 39 30 15 81 49 50 45 3 12 81 6 35 55 31 46 35 44 25 59 65 
32 7 58 84 36 15 26 81 53 3 12 58 34 27 5 83 77 16 52 55 97 24 91 17 22 2 
52 32 27 10 63 59 84 20 8 86 1 35 66 21 38 78 45 38 71 16 88 48 32 5 2 28 
30 59 45 52 61 63 50 54 39 12 80 89 99 54 75 66 55 6 53 94 85 99 98 55 14 51 
69 13 57 38 41 87 97 53 4 24 82 20 44 21 32 90 76 97 44 16 62 99 23 15 58 7 
80 56 28 60 73 64 73 29 1 81 82 64 33 52 88 14 72 99 1 70 88 44 66 98 60 28 
97 83 9 54 56 55 76 51 14 49 14 88 44 15 68 26 79 67 78 33 81 16 98 49 86 85 
93 18 83 52 12 45 1 21 99 23 76 41 74 56 56 54 43 100 35 77 92 81 43 36 13 91 
52 77 39 3 61 98 21 9 15 33 20 16 20 19 6 62 26 46 18 82 0 27 47 35 71 39 
82 13 75 95 70 26 71 8 96 99 72 84 74 88 83 95 70 3 80 76 31 72 89 15 53 89 
9 66 90 80 4 72 59 79 32 29 71 70 3 67 34 76 50 74 29 32 34 99 1 13 41 100 
51 29 81 70 84 90 36 39 69 40 77 95 86 76 23 56 45 26 89 45 68 4 18 97 3 53 
62 71 32 2 36 84 98 17 53 47 6 55 52 42 96 29 36 47 4 25 69 15 17 24 60 86 
95 44 48 98 97 9 35 96 78 71 45 41 88 98 88 61 19 6 2 81 35 4 27 39 29 96 
20 46 86 80 98 81 23 46 44 87 21 79 82 100 50 26 6 3 90 61 64 8 67 32 55 1 
2 82 6 31 44 26 44 29 72 7 76 95 53 20 47 41 99 95 40 14 20 12 85 77 73 14 
51 39 47 6 6 15 54 12 47 64 4 57 60 42 64 35 37 84 55 50 24 20 45 30 0 31 
42 85 7 82 100 25 20 12 31 27 27 51 5 40 15 77 97 75 18 27 9 21 77 31 72 0 
17 83 97 17 13 4 2 21 86 1 12 6 80 43 100 6 60 71 47 75 13 9 49 32 2 25 
19 79 22 57 45 39 39 7 56 19 12 24 6 98 92 18 70 71 61 35 78 20 73 91 62 86 
66 77 84 35 68 70 80 90 26 92 95 32 99 17 51 77 41 57 75 33 75 10 3 1 12 47 
88 85 3 49 36 70 93 87 4 60 22 50 16 14 41 10 46 40 27 63 16 35 86 57 68 26 
34 37 27 46 85 82 97 88 97 99 23 89 51 94 15 73 44 31 88 85 41 33 91 35 63 74 
36 48 30 70 75 30 6 68 42 57 49 38 11 12 3 0 0 54 95 15 27 38 12 14 89 20 
13 80 55 76 53 57 91 49 26 65 80 32 99 21 56 14 26 33 26 96 33 93 49 27 75 42 
31 87 56 87 6 36 32 27 78 85 84 34 100 9 65 45 8 64 33 64 78 25 97 3 20 96 
